 1,        1, -795755684
 1,        1, 581869302
 2,        2, -795755684
 2,        2, 581869302
 0,        0, -795755684
 0,        0, 581869302
 1,        1, -404620562
 1,        1, -708632711
 1,        1, 545404204
 1,        1, -133711905
 1,        1, -372047867
 1,        1, 949333985
 1,        1, -1579004998
 1,        1, 1323567403
 2,        2, -404620562
 2,        2, -708632711
 2,        2, 545404204
 2,        2, -133711905
 2,        2, -372047867
 2,        2, 949333985
 2,        2, -1579004998
 2,        2, 1323567403
 2,        2, 418932835
 2,        2, -1944672731
 2,        2, 1196140740
 2,        2, 809094426
 2,        2, -1946129057
 2,        2, -30574576
 2,        2, -182506777
 2,        2, -15198492
 2,        2, -150802599
 2,        2, -138749190
 2,        2, 676943009
 2,        2, -1177512687
 0,        0, -404620562
 0,        0, -708632711
 0,        0, 545404204
 0,        0, -133711905
 0,        0, -372047867
 0,        0, 949333985
 0,        0, -1579004998
 0,        0, 1323567403
 0,        0, 418932835
 0,        0, -1944672731
 0,        0, 1196140740
 0,        0, 809094426
 0,        0, -1946129057
 0,        0, -30574576
 0,        0, -182506777
 0,        0, -15198492
 1,        1, 418932835
 1,        1, -1944672731
 1,        1, 1196140740
 1,        1, 809094426
 1,        1, -1946129057
 1,        1, -30574576
 1,        1, -182506777
 1,        1, -15198492
 1,        1, -150802599
 1,        1, -138749190
 1,        1, 676943009
 1,        1, -1177512687
 1,        1, -126303053
 1,        1, -81133257
 1,        1, -183966550
 1,        1, 471852626
 1,        1, 2084672536
 1,        1, -867128743
 1,        1, -857788836
 1,        1, 1275731771
 1,        1, 609397212
 1,        1, 20544909
 1,        1, 1811450929
 1,        1, 483031418
 1,        1, -361913170
 1,        1, -1547204601
 1,        1, -892462743
 1,        1, -522136403
 1,        1, -173978709
 1,        1, -2131752568
 2,        2, -126303053
 2,        2, -81133257
 2,        2, -183966550
 2,        2, 471852626
 2,        2, 2084672536
 2,        2, -867128743
 2,        2, -857788836
 2,        2, 1275731771
 2,        2, 609397212
 2,        2, 20544909
 2,        2, 1811450929
 2,        2, 483031418
 2,        2, -361913170
 2,        2, -1547204601
 2,        2, -892462743
 2,        2, -522136403
 2,        2, -173978709
 2,        2, -2131752568
 2,        2, -1478582452
 2,        2, -867889990
 2,        2, 153380495
 2,        2, 1551745920
 2,        2, -647984699
 2,        2, 910208076
 2,        2, -283496851
 2,        2, -1368550362
 2,        2, -1379821989
 2,        2, 1712568902
 2,        2, -1040498238
 2,        2, -1113911603
 0,        0, -150802599
 0,        0, -138749190
 0,        0, 676943009
 0,        0, -1177512687
 0,        0, -126303053
 0,        0, -81133257
 0,        0, -183966550
 0,        0, 471852626
 0,        0, 2084672536
 0,        0, -867128743
 0,        0, -857788836
 0,        0, 1275731771
 0,        0, 609397212
 0,        0, 20544909
 0,        0, 1811450929
 0,        0, 483031418
 0,        0, -361913170
 0,        0, -1547204601
 0,        0, -892462743
 0,        0, -522136403
 0,        0, -173978709
 0,        0, -2131752568
 0,        0, -1478582452
 0,        0, -867889990
 0,        0, 153380495
 0,        0, 1551745920
 0,        0, -647984699
 0,        0, 910208076
 0,        0, -283496851
 0,        0, -1368550362
 1,        1, -1478582452
 1,        1, -867889990
 1,        1, 153380495
 1,        1, 1551745920
 1,        1, -647984699
 1,        1, 910208076
 1,        1, -283496851
 1,        1, -1368550362
 1,        1, -1379821989
 1,        1, 1712568902
 1,        1, -1040498238
 1,        1, -1113911603
 1,        1, -1103237636
 1,        1, 2039073006
 1,        1, 1684602222
 1,        1, 1812852786
 1,        1, -1479711180
 1,        1, 746745227
 1,        1, 735241234
 1,        1, 1296707006
 1,        1, -1262522457
 1,        1, -870676135
 1,        1, 136721026
 1,        1, 1359573808
 1,        1, 1189375152
 1,        1, -547914046
 1,        1, 198304612
 1,        1, 640439652
 1,        1, 417177801
 1,        1, -25475623
 2,        2, -1103237636
 2,        2, 2039073006
 2,        2, 1684602222
 2,        2, 1812852786
 2,        2, -1479711180
 2,        2, 746745227
 2,        2, 735241234
 2,        2, 1296707006
 2,        2, -1262522457
 2,        2, -870676135
 2,        2, 136721026
 2,        2, 1359573808
 2,        2, 1189375152
 2,        2, -547914046
 2,        2, 198304612
 2,        2, 640439652
 2,        2, 417177801
 2,        2, -25475623
 2,        2, -758242871
 2,        2, -764919654
 2,        2, -1310701087
 2,        2, 537655879
 2,        2, 1361931891
 2,        2, -1014685970
 2,        2, -213794687
 2,        2, 2107063880
 2,        2, 147944788
 2,        2, -1444803288
 2,        2, 1884392678
 2,        2, 540721923
 0,        0, -1379821989
 0,        0, 1712568902
 0,        0, -1040498238
 0,        0, -1113911603
 0,        0, -1103237636
 0,        0, 2039073006
 0,        0, 1684602222
 0,        0, 1812852786
 0,        0, -1479711180
 0,        0, 746745227
 0,        0, 735241234
 0,        0, 1296707006
 0,        0, -1262522457
 0,        0, -870676135
 0,        0, 136721026
 0,        0, 1359573808
 0,        0, 1189375152
 0,        0, -547914046
 0,        0, 198304612
 0,        0, 640439652
 0,        0, 417177801
 0,        0, -25475623
 0,        0, -758242871
 0,        0, -764919654
 0,        0, -1310701087
 0,        0, 537655879
 0,        0, 1361931891
 0,        0, -1014685970
 0,        0, -213794687
 0,        0, 2107063880
 1,        1, -758242871
 1,        1, -764919654
 1,        1, -1310701087
 1,        1, 537655879
 1,        1, 1361931891
 1,        1, -1014685970
 1,        1, -213794687
 1,        1, 2107063880
 1,        1, 147944788
 1,        1, -1444803288
 1,        1, 1884392678
 1,        1, 540721923
 1,        1, 1638781099
 1,        1, 902841100
 1,        1, -1007097710
 1,        1, 219972873
 1,        1, -879609714
 1,        1, 156513983
 1,        1, 802611720
 1,        1, 1755486969
 1,        1, 2103522059
 1,        1, 1967048444
 1,        1, 1913778154
 1,        1, 2094092595
 1,        1, -1519074049
 1,        1, -884870760
 1,        1, -1248268554
 1,        1, -339840185
 1,        1, -1053612696
 1,        1, -826647952
 2,        2, 1638781099
 2,        2, 902841100
 2,        2, -1007097710
 2,        2, 219972873
 2,        2, -879609714
 2,        2, 156513983
 2,        2, 802611720
 2,        2, 1755486969
 2,        2, 2103522059
 2,        2, 1967048444
 2,        2, 1913778154
 2,        2, 2094092595
 2,        2, -1519074049
 2,        2, -884870760
 2,        2, -1248268554
 2,        2, -339840185
 2,        2, -1053612696
 2,        2, -826647952
 2,        2, 1185518681
 2,        2, -1263689967
 2,        2, -1375666518
 2,        2, 12105075
 2,        2, -1481342794
 2,        2, -1242517396
 2,        2, 698412071
 2,        2, -1529176048
 2,        2, 511091141
 2,        2, 1958646067
 2,        2, 2140457296
 2,        2, -971018538
 0,        0, 147944788
 0,        0, -1444803288
 0,        0, 1884392678
 0,        0, 540721923
 0,        0, 1638781099
 0,        0, 902841100
 0,        0, -1007097710
 0,        0, 219972873
 0,        0, -879609714
 0,        0, 156513983
 0,        0, 802611720
 0,        0, 1755486969
 0,        0, 2103522059
 0,        0, 1967048444
 0,        0, 1913778154
 0,        0, 2094092595
 0,        0, -1519074049
 0,        0, -884870760
 0,        0, -1248268554
 0,        0, -339840185
 0,        0, -1053612696
 0,        0, -826647952
 0,        0, 1185518681
 0,        0, -1263689967
 0,        0, -1375666518
 0,        0, 12105075
 0,        0, -1481342794
 0,        0, -1242517396
 0,        0, 698412071
 0,        0, -1529176048
 1,        1, 1185518681
 1,        1, -1263689967
 1,        1, -1375666518
 1,        1, 12105075
 1,        1, -1481342794
 1,        1, -1242517396
 1,        1, 698412071
 1,        1, -1529176048
 1,        1, 511091141
 1,        1, 1958646067
 1,        1, 2140457296
 1,        1, -971018538
 1,        1, -172898399
 1,        1, -1830709768
 1,        1, 1461945556
 1,        1, -529322872
 1,        1, -1781261464
 1,        1, -823879997
 1,        1, 961264978
 1,        1, 76338300
 1,        1, -1068299842
 1,        1, -767742621
 1,        1, 1095625157
 1,        1, -769482973
 1,        1, -2121898333
 1,        1, -257380087
 1,        1, -1292455641
 1,        1, 1772389185
 1,        1, -468566954
 1,        1, 1817480335
 2,        2, -172898399
 2,        2, -1830709768
 2,        2, 1461945556
 2,        2, -529322872
 2,        2, -1781261464
 2,        2, -823879997
 2,        2, 961264978
 2,        2, 76338300
 2,        2, -1068299842
 2,        2, -767742621
 2,        2, 1095625157
 2,        2, -769482973
 2,        2, -2121898333
 2,        2, -257380087
 2,        2, -1292455641
 2,        2, 1772389185
 2,        2, -468566954
 2,        2, 1817480335
 2,        2, -174842015
 2,        2, -1799777366
 2,        2, -1944694476
 2,        2, 678852156
 2,        2, 595387438
 2,        2, -1023356645
 2,        2, 641212874
 2,        2, 988512770
 2,        2, 1105989508
 2,        2, -817183891
 2,        2, -684114202
 2,        2, -49299350
 0,        0, 511091141
 0,        0, 1958646067
 0,        0, 2140457296
 0,        0, -971018538
 0,        0, -172898399
 0,        0, -1830709768
 0,        0, 1461945556
 0,        0, -529322872
 0,        0, -1781261464
 0,        0, -823879997
 0,        0, 961264978
 0,        0, 76338300
 0,        0, -1068299842
 0,        0, -767742621
 0,        0, 1095625157
 0,        0, -769482973
 0,        0, -2121898333
 0,        0, -257380087
 0,        0, -1292455641
 0,        0, 1772389185
 0,        0, -468566954
 0,        0, 1817480335
 0,        0, -174842015
 0,        0, -1799777366
 0,        0, -1944694476
 0,        0, 678852156
 0,        0, 595387438
 0,        0, -1023356645
 0,        0, 641212874
 0,        0, 988512770
 1,        1, -174842015
 1,        1, -1799777366
 1,        1, -1944694476
 1,        1, 678852156
 1,        1, 595387438
 1,        1, -1023356645
 1,        1, 641212874
 1,        1, 988512770
 1,        1, 1105989508
 1,        1, -817183891
 1,        1, -684114202
 1,        1, -49299350
 1,        1, 1092133642
 1,        1, 1427854500
 1,        1, -797640593
 1,        1, 1287767370
 1,        1, 1045931779
 1,        1, 58150106
 1,        1, -303810411
 1,        1, 933029415
 1,        1, 1503168825
 1,        1, -397865508
 1,        1, 844370145
 1,        1, -650825878
 1,        1, 1078396938
 1,        1, -193198051
 1,        1, -1649075579
 1,        1, -949627105
 1,        1, 2032760103
 1,        1, -53860493
 2,        2, 1092133642
 2,        2, 1427854500
 2,        2, -797640593
 2,        2, 1287767370
 2,        2, 1045931779
 2,        2, 58150106
 2,        2, -303810411
 2,        2, 933029415
 2,        2, 1503168825
 2,        2, -397865508
 2,        2, 844370145
 2,        2, -650825878
 2,        2, 1078396938
 2,        2, -193198051
 2,        2, -1649075579
 2,        2, -949627105
 2,        2, 2032760103
 2,        2, -53860493
 2,        2, 1510366103
 2,        2, 290319951
 2,        2, -726585505
 2,        2, -886491638
 2,        2, -1781277162
 2,        2, -1741593944
 2,        2, -1933922381
 2,        2, -1147620737
 2,        2, -355650503
 2,        2, -1308964798
 2,        2, 1227669233
 2,        2, -1375163528
 0,        0, 1105989508
 0,        0, -817183891
 0,        0, -684114202
 0,        0, -49299350
 0,        0, 1092133642
 0,        0, 1427854500
 0,        0, -797640593
 0,        0, 1287767370
 0,        0, 1045931779
 0,        0, 58150106
 0,        0, -303810411
 0,        0, 933029415
 0,        0, 1503168825
 0,        0, -397865508
 0,        0, 844370145
 0,        0, -650825878
 0,        0, 1078396938
 0,        0, -193198051
 0,        0, -1649075579
 0,        0, -949627105
 0,        0, 2032760103
 0,        0, -53860493
 0,        0, 1510366103
 0,        0, 290319951
 0,        0, -726585505
 0,        0, -886491638
 0,        0, -1781277162
 0,        0, -1741593944
 0,        0, -1933922381
 0,        0, -1147620737
 1,        1, 1510366103
 1,        1, 290319951
 1,        1, -726585505
 1,        1, -886491638
 1,        1, -1781277162
 1,        1, -1741593944
 1,        1, -1933922381
 1,        1, -1147620737
 1,        1, -355650503
 1,        1, -1308964798
 1,        1, 1227669233
 1,        1, -1375163528
 1,        1, -1042817072
 1,        1, 1685003584
 1,        1, -1057725500
 1,        1, -1883096447
 1,        1, 1634002467
 1,        1, 893645500
 1,        1, -1856191917
 1,        1, -2029924129
 1,        1, 325791709
 1,        1, 1736062366
 1,        1, 231714000
 1,        1, 1515103006
 1,        1, -2015209163
 1,        1, -1748808126
 1,        1, -948469520
 1,        1, 1530490810
 1,        1, -283421978
 1,        1, -150468287
 2,        2, -1042817072
 2,        2, 1685003584
 2,        2, -1057725500
 2,        2, -1883096447
 2,        2, 1634002467
 2,        2, 893645500
 2,        2, -1856191917
 2,        2, -2029924129
 2,        2, 325791709
 2,        2, 1736062366
 2,        2, 231714000
 2,        2, 1515103006
 2,        2, -2015209163
 2,        2, -1748808126
 2,        2, -948469520
 2,        2, 1530490810
 2,        2, -283421978
 2,        2, -150468287
 2,        2, 557942923
 2,        2, 663307952
 2,        2, -1851888284
 2,        2, 1696117849
 2,        2, 2016017442
 2,        2, 1663423246
 2,        2, 51119001
 2,        2, -1172720541
 2,        2, 1447930741
 2,        2, 1668894615
 2,        2, 696567687
 2,        2, -311415874
 0,        0, -355650503
 0,        0, -1308964798
 0,        0, 1227669233
 0,        0, -1375163528
 0,        0, -1042817072
 0,        0, 1685003584
 0,        0, -1057725500
 0,        0, -1883096447
 0,        0, 1634002467
 0,        0, 893645500
 0,        0, -1856191917
 0,        0, -2029924129
 0,        0, 325791709
 0,        0, 1736062366
 0,        0, 231714000
 0,        0, 1515103006
 0,        0, -2015209163
 0,        0, -1748808126
 0,        0, -948469520
 0,        0, 1530490810
 0,        0, -283421978
 0,        0, -150468287
 0,        0, 557942923
 0,        0, 663307952
 0,        0, -1851888284
 0,        0, 1696117849
 0,        0, 2016017442
 0,        0, 1663423246
 0,        0, 51119001
 0,        0, -1172720541
 1,        1, 557942923
 1,        1, 663307952
 1,        1, -1851888284
 1,        1, 479772539
 1,        1, 585372041
 1,        1, -1380177835
 1,        1, 2126769104
 1,        1, 814799998
 1,        1, 2126033825
 1,        1, 633972488
 1,        1, 236112176
 1,        1, -641184182
 1,        1, -1887382461
 1,        1, -302327605
 1,        1, -1302804473
 1,        1, -1791899150
 1,        1, -792862932
 1,        1, -519631324
 1,        1, -47624247
 1,        1,  2243584
 1,        1, -577936858
 1,        1, -1664014354
 1,        1, -43163545
 1,        1, -2028598629
 1,        1, 2059537251
 1,        1, -853205568
 1,        1, 978577973
 1,        1, 2139298718
 1,        1, -425835306
 1,        1, -1826816157
 1,        1, -664954636
 1,        1, -1122531400
 1,        1, -1778172131
 1,        1, 1059716705
 1,        1, -1432731437
 1,        1, 358555951
 1,        1, -1606490477
 1,        1, -1456232051
 1,        1, -1160706939
 1,        1, -469216067
 1,        1, -76007075
 1,        1, -992012542
 1,        1, -1797673639
 1,        1, -307893056
 1,        1, -1803498149
 1,        1, 72941163
 1,        1, 519087922
 1,        1, -589652963
 1,        1, 2080037686
 1,        1, -666339782
 1,        1, 899387995
 1,        1, -1922894044
 1,        1, -1589638780
 1,        1, 137400382
 1,        1, -1654793266
 1,        1, 1556545397
 1,        1, 212740831
 1,        1, 2102687076
 1,        1, 826825825
 1,        1, 528640652
 1,        1, 882590735
 1,        1, 629276741
 1,        1, 812058805
 1,        1, 183190693
 1,        1, -1566812993
 1,        1, 1210608922
 1,        1, -1981712183
 1,        1, -1309264771
 1,        1, 2143686960
 1,        1, -1993719278
 1,        1, 1912047123
 1,        1, 532285070
 1,        1, 2106068513
 1,        1, -631368128
 1,        1, -541477669
 1,        1, 1160905342
 1,        1, 895334719
 1,        1, -1868398521
 1,        1, -1544848939
 1,        1, 1791125727
 1,        1, 884658094
 1,        1, -223625542
 1,        1, 352493133
 1,        1, 454018536
 1,        1, 610061980
 1,        1, 714942167
 1,        1, -1627970225
 1,        1, -1830902612
 1,        1, 223672858
 1,        1, -295487804
 1,        1, -1165389214
 1,        1, -1125961528
 1,        1, 272320271
 1,        1, -599403227
 1,        1, -281727854
 1,        1, -67008738
 1,        1, -605853180
 1,        1, -921017131
 1,        1, -2090028080
 1,        1, 762796738
 1,        1, 1711928854
 1,        1, 575230348
 1,        1, 132669602
 1,        1, -261384384
 1,        1, 1294099693
 1,        1, 1269308130
 1,        1, 1429950454
 1,        1, 2006042568
 1,        1, -1510976346
 1,        1, 108354209
 1,        1, -677717436
 1,        1, -1893940781
 1,        1, -626635949
 1,        1, 1494129763
 1,        1, 1915669884
 1,        1, 232956812
 1,        1, 760671069
 1,        1, -1448228349
 1,        1, 1420899728
 1,        1, -435998689
 1,        1, 507472720
 1,        1, -49744625
 1,        1, -1975761832
 1,        1, -1258780105
 1,        1, -2183479
 1,        1, 1236303522
 1,        1, 1780360736
 1,        1, 1996472339
 1,        1, -1013796629
 1,        1, -780807681
 1,        1, 430448254
 1,        1, 765006468
 1,        1, 1544620190
 1,        1, 243544799
 1,        1, -2053485387
 1,        1, 1442460355
 1,        1, 754492744
 1,        1, 897419112
 1,        1, -407362351
 1,        1, -1394184263
 1,        1, 2012055595
 1,        1, -377388129
 1,        1, 446726308
 1,        1, -1092871279
 1,        1, -1132722651
 1,        1, -1881790867
 1,        1, 791107632
 1,        1, -1729964077
 1,        1, 1288219555
 1,        1, 576053616
 1,        1, 913116636
 1,        1, -451222051
 1,        1, 306887506
 1,        1, 1041471861
 1,        1, 230873349
 1,        1, 1897181775
 1,        1, 57050902
 1,        1, -441559801
 1,        1, 844640504
 1,        1, 401023306
 1,        1, 1320130763
 1,        1, 1958752748
 1,        1, 436666731
 1,        1, -19800992
 1,        1, 1426327861
 1,        1, 1277094853
 1,        1, 266482191
 1,        1, 1280948101
 1,        1, 199077170
 1,        1, -2124169962
 1,        1, -1024668003
 1,        1, -1584542299
 1,        1, 386081723
 1,        1, 347301455
 1,        1, -956744628
 1,        1, -407443199
 1,        1, -2002434220
 1,        1, 468813770
 1,        1, -748145275
 1,        1, 1452118653
 1,        1, 1262604654
 1,        1, -1089575542
 1,        1, 44395426
 1,        1, 208079731
 1,        1, -1426289382
 1,        1, -1703092053
 1,        1, -2035374409
 1,        1, -1160889076
 1,        1, -1257336715
 1,        1, -938978410
 1,        1, 1236851705
 1,        1, -1320565071
 1,        1, -1904088547
 1,        1, 1703043827
 1,        1, 264529892
 1,        1, -944138907
 1,        1, 1449911677
 1,        1, -1684203081
 1,        1, -1111305382
 1,        1, 450169463
 1,        1, 549276402
 1,        1, -1934710506
 1,        1, 2084044430
 1,        1, -470403365
 1,        1, -863459011
 1,        1, -1140996380
 1,        1, 220468773
 1,        1, 313039992
 1,        1, 380222551
 1,        1, -866076442
 1,        1, -244778196
 1,        1, -1358431283
 1,        1, 567291980
 1,        1, -1190889055
 1,        1, 473964590
 1,        1, 504627954
 1,        1, -1543104784
 1,        1, 1412246296
 1,        1, -1486866017
 1,        1, -1077472175
 1,        1, -1790203680
 1,        1, -1116552659
 1,        1, 1008573896
 1,        1, -1138348692
 1,        1, -126278400
 1,        1, -571530037
 1,        1, 370374482
 1,        1, 1573833307
 1,        1, 1585696786
 1,        1, -1352792387
 1,        1, -1726827523
 1,        1, -904674962
 1,        1, 1579057249
 1,        1, 884882916
 1,        1, 372229989
 1,        1, -979536364
 1,        1, 883365323
 1,        1, 1667613977
 1,        1, -1925096568
 1,        1, 983346721
 1,        1, -1537853314
 1,        1, 2080827335
 1,        1, 652171563
 1,        1, -936595044
 1,        1, 432100882
 1,        1, 1263005308
 1,        1, 1019509360
 1,        1, -2014888315
 1,        1, 392984060
 1,        1, 1740816471
 1,        1, 450311223
 1,        1, 482255964
 1,        1, -925875149
 1,        1, 1252284967
 1,        1, -1702810914
 1,        1, -152803476
 1,        1, 1857508915
 1,        1, -1311029324
 1,        1, -1038955693
 1,        1, 1858184655
 1,        1, -1479624672
 1,        1, 471394359
 1,        1, -284499278
 1,        1, 805138023
 1,        1, 1143229406
 1,        1, -868312435
 1,        1, 2094242240
 1,        1, -992316700
 1,        1, 1700836024
 1,        1, 1172263171
 1,        1, 159921530
 1,        1, -1403187676
 1,        1, 1844965307
 1,        1, 1940205226
 1,        1, -1675650710
 1,        1, 255135220
 1,        1, 1356399792
 1,        1, -976151026
 1,        1, -1303810377
 1,        1, 538297620
 1,        1, 558996197
 1,        1, 396650285
 1,        1, 33587922
 1,        1, 1817240964
 1,        1, -1479301926
 1,        1, -1190038713
 1,        1, -2013440740
 1,        1, 467369481
 1,        1, -1581551370
 1,        1, 543312793
 1,        1, 576828305
 1,        1, 423458407
 1,        1, 610002369
 1,        1, 722633826
 1,        1, 842882706
 1,        1, 1363565258
 1,        1, 1359052209
 1,        1, 934427297
 1,        1, 1078216524
 1,        1, -459894775
 1,        1, -1274646559
 1,        1, -1908091001
 1,        1, 792136558
 1,        1, 910665524
 1,        1, 332202002
 1,        1, -370224432
 1,        1, -1259648575
 1,        1, -1899281938
 1,        1, 1346167233
 1,        1, 713838878
 1,        1, -1621361951
 1,        1, -51819932
 1,        1, 731999942
 1,        1, 1107209281
 1,        1, 1704240103
 1,        1, 317805114
 1,        1, -1356797078
 1,        1, 1728244724
 1,        1, -73722251
 1,        1, 1727367040
 1,        1, -1629201576
 1,        1, 663013272
 1,        1, 1637865178
 1,        1, 692065125
 1,        1, -1038899195
 1,        1, -553573505
 1,        1, 1506574630
 1,        1, -1350613848
 1,        1, 1263358766
 1,        1, -2015931777
 1,        1, -719736079
 1,        1, -1728766448
 1,        1, 1440151198
 1,        1, 1285161672
 1,        1, 1943870151
 1,        1, 1815249255
 1,        1, 1544497359
 1,        1, -1897004601
 1,        1, -1105759255
 1,        1, 1822504027
 1,        1, 1844069058
 1,        1, 536324405
 1,        1, 104943297
 1,        1, 1246336192
 1,        1, 1363740512
 1,        1, -1487389541
 1,        1, -184958805
 1,        1, -276033820
 1,        1, 1966606846
 1,        1, 1032846869
 1,        1, -1014050623
 1,        1, -1033681023
 1,        1, -1113908076
 1,        1, -1100850202
 1,        1, 454924713
 1,        1, -1367687550
 1,        1, 1989689036
 1,        1, 911234017
 1,        1, 423134779
 1,        1, -757741863
 1,        1, 751661097
 1,        1, 702527398
 1,        1, -1434573962
 1,        1, -453594199
 1,        1, -2076366675
 1,        1, -1276883846
 1,        1, 659665656
 1,        1, -199900384
 1,        1, -1971887859
 1,        1, -1375532418
 1,        1, 157036961
 1,        1, -819463210
 1,        1, -1079673706
 1,        1, 516199313
 1,        1, -2039915463
 1,        1, 1399444775
 1,        1, -1947984804
 1,        1, 1713179789
 1,        1, 1782812514
 1,        1, 776262767
 1,        1, 1096877715
 1,        1, 88200511
 1,        1, -327810728
 1,        1, -1487347671
 1,        1, -289422527
 1,        1, 702280284
 1,        1, -338884711
 1,        1, -881937666
 1,        1, -1815078108
 1,        1, 1889938488
 1,        1, 1106442576
 1,        1, -1065382130
 1,        1, 982127964
 1,        1, 275681456
 1,        1, -999312152
 1,        1, -1412175860
 1,        1, -1223152950
 1,        1, -1537337047
 1,        1, 1799798708
 1,        1, 1678310352
 1,        1, -789672242
 1,        1, 1363342287
 1,        1, -796545632
 1,        1, -905922347
 1,        1, -634521739
 1,        1, -2123274551
 1,        1, -1564822408
 1,        1, -210906901
 1,        1, 1906811545
 1,        1, 257778878
 1,        1, -572304863
 1,        1, -1584032323
 1,        1, 1525029711
 1,        1, 1525029711
 1,        1, 1525029711
